TIMESTAMP,RECORD,TAIR,RELH,SRAD,WSPD,WMAX,WDIR,RAIN,BATV,CHIL
2021-02-02 00:00:00,883.0,10.93,32.92,0.002,0.146,0.657,198.4,0.0,12.87,-998.0
2021-02-02 00:05:00,884.0,10.91,33.06,-0.001,0.085,0.386,223.3,0.0,12.86,-998.0
2021-02-02 00:10:00,885.0,10.9,33.08,0.003,0.128,0.359,216.0,0.0,12.86,-998.0
2021-02-02 00:15:00,886.0,10.84,33.29,0.002,0.168,0.508,135.2,0.0,12.84,-998.0
2021-02-02 00:20:00,887.0,10.73,33.95,0.001,0.314,0.6659999999999999,102.8,0.0,12.85,-998.0
2021-02-02 00:25:00,888.0,10.73,35.33,0.002,0.446,0.6829999999999999,85.7,0.0,12.85,-998.0
2021-02-02 00:30:00,889.0,10.82,34.72,0.003,0.441,0.6920000000000001,87.5,0.0,12.85,-998.0
2021-02-02 00:35:00,890.0,10.72,35.4,0.001,0.04,0.193,103.5,0.0,12.85,-998.0
2021-02-02 00:40:00,891.0,10.56,35.33,0.002,0.14400000000000002,0.41200000000000003,111.8,0.0,12.82,-998.0
2021-02-02 00:45:00,892.0,10.3,36.52,0.002,0.386,0.797,100.0,0.0,12.84,-998.0
2021-02-02 00:50:00,893.0,10.14,37.25,0.002,0.36700000000000005,0.71,103.2,0.0,12.78,-998.0
2021-02-02 00:55:00,894.0,9.86,38.14,0.002,0.593,0.946,95.4,0.0,12.83,-998.0
2021-02-02 01:00:00,895.0,9.63,38.24,0.002,0.218,0.736,109.8,0.0,12.83,-998.0
2021-02-02 01:05:00,896.0,9.42,38.54,0.001,0.226,0.605,108.0,0.0,12.83,-998.0
2021-02-02 01:10:00,897.0,9.21,39.25,-0.001,0.171,0.64,166.8,0.0,12.83,-998.0
2021-02-02 01:15:00,898.0,8.99,39.78,0.004,0.22899999999999998,0.657,140.1,0.0,12.83,-998.0
2021-02-02 01:20:00,899.0,8.78,40.43,0.002,0.314,0.8240000000000001,189.9,0.0,12.82,-998.0
2021-02-02 01:25:00,900.0,8.52,41.14,0.003,0.299,0.7709999999999999,200.6,0.0,12.82,-998.0
2021-02-02 01:30:00,901.0,8.25,41.84,0.003,0.515,0.789,160.5,0.0,12.82,-998.0
2021-02-02 01:35:00,902.0,8.13,42.25,0.0,0.379,0.71,216.0,0.0,12.77,-998.0
2021-02-02 01:40:00,903.0,8.12,42.37,0.001,0.593,1.016,201.2,0.0,12.81,-998.0
2021-02-02 01:45:00,904.0,7.922000000000001,43.13,0.002,0.29600000000000004,0.78,224.7,0.0,12.81,-998.0
2021-02-02 01:50:00,905.0,7.776,43.54,0.001,0.24,0.815,258.3,0.0,12.81,-998.0
2021-02-02 01:55:00,906.0,7.816,43.31,0.002,0.214,0.727,272.5,0.0,12.8,-998.0
2021-02-02 02:00:00,907.0,7.904,42.85,0.002,0.289,0.745,217.0,0.0,12.8,-998.0
2021-02-02 02:05:00,908.0,7.7589999999999995,43.47,0.002,0.252,0.85,229.3,0.0,12.8,-998.0
2021-02-02 02:10:00,909.0,7.55,44.03,0.002,0.366,1.122,205.9,0.0,12.77,-998.0
2021-02-02 02:15:00,910.0,7.474,44.08,0.005,0.321,0.754,162.9,0.0,12.79,-998.0
2021-02-02 02:20:00,911.0,7.534,43.78,0.004,0.307,0.99,124.9,0.0,12.79,-998.0
2021-02-02 02:25:00,912.0,7.5729999999999995,43.51,0.003,0.23800000000000002,0.789,201.3,0.0,12.79,-998.0
2021-02-02 02:30:00,913.0,7.596,43.45,0.002,0.29100000000000004,0.78,144.5,0.0,12.78,-998.0
2021-02-02 02:35:00,914.0,7.477,44.17,0.002,0.321,0.797,188.7,0.0,12.78,-998.0
2021-02-02 02:40:00,915.0,7.301,44.7,0.002,0.268,0.973,164.4,0.0,12.78,-998.0
2021-02-02 02:45:00,916.0,7.263,44.65,0.001,0.258,0.736,131.3,0.0,12.78,-998.0
2021-02-02 02:50:00,917.0,7.274,44.31,0.002,0.254,0.6920000000000001,147.9,0.0,12.77,-998.0
2021-02-02 02:55:00,918.0,7.255,-998.0,0.003,0.335,0.8320000000000001,113.3,0.0,12.86,-998.0
2021-02-02 03:00:00,919.0,7.154,44.53,0.002,0.28800000000000003,0.789,121.3,0.0,12.77,-998.0
2021-02-02 03:05:00,920.0,7.021,44.93,0.002,0.331,0.6920000000000001,102.5,0.0,12.77,-998.0
2021-02-02 03:10:00,921.0,6.945,45.27,-998.0,0.307,0.727,113.4,0.0,12.77,-998.0
2021-02-02 03:15:00,922.0,6.8660000000000005,45.56,0.002,0.214,0.596,132.5,0.0,12.76,-998.0
2021-02-02 03:20:00,923.0,6.761,45.89,0.001,0.218,0.526,160.0,0.0,12.76,-998.0
2021-02-02 03:25:00,924.0,6.643,46.29,0.003,0.223,0.613,118.2,0.0,12.76,-998.0
2021-02-02 03:30:00,925.0,6.684,46.01,0.002,0.272,0.675,108.0,0.0,12.73,-998.0
2021-02-02 03:35:00,926.0,6.742000000000001,45.97,0.004,0.285,0.85,104.9,0.0,12.75,-998.0
2021-02-02 03:40:00,927.0,6.68,46.29,0.004,0.327,0.8759999999999999,151.8,0.0,12.75,-998.0
2021-02-02 03:45:00,928.0,6.565,46.68,0.005,0.35600000000000004,0.885,146.3,0.0,12.75,-998.0
2021-02-02 03:50:00,929.0,6.403,47.23,0.004,0.36200000000000004,0.885,144.3,0.0,12.74,-998.0
2021-02-02 03:55:00,930.0,6.237,47.88,0.001,0.311,0.867,197.0,0.0,12.74,-998.0
2021-02-02 04:00:00,931.0,5.915,49.07,0.002,0.408,0.867,181.5,0.0,12.74,-998.0
2021-02-02 04:05:00,932.0,5.672000000000001,49.93,0.002,0.43200000000000005,0.85,180.4,0.0,12.74,-998.0
2021-02-02 04:10:00,933.0,5.597,50.06,0.0,0.439,1.034,182.5,0.0,12.73,-998.0
2021-02-02 04:15:00,934.0,5.502000000000001,50.4,0.001,0.452,1.227,177.7,0.0,12.73,-998.0
2021-02-02 04:20:00,935.0,5.462000000000001,50.54,0.003,0.467,0.973,180.3,0.0,12.73,-998.0
2021-02-02 04:25:00,936.0,5.471,50.41,0.004,0.368,0.8590000000000001,165.5,0.0,12.73,-998.0
2021-02-02 04:30:00,937.0,5.459,50.57,0.003,0.29600000000000004,0.745,116.7,0.0,12.73,-998.0
2021-02-02 04:35:00,938.0,5.415,50.91,0.002,0.365,0.762,105.3,0.0,12.73,-998.0
2021-02-02 04:40:00,939.0,5.481,50.62,0.002,0.32,0.841,138.5,0.0,12.72,-998.0
2021-02-02 04:45:00,940.0,5.5089999999999995,50.93,0.003,0.341,0.929,139.1,0.0,12.72,-998.0
2021-02-02 04:50:00,941.0,5.486000000000001,51.25,0.002,0.385,1.13,189.7,0.0,12.76,-998.0
2021-02-02 04:55:00,942.0,5.364,51.72,0.003,0.33799999999999997,0.9990000000000001,236.4,0.0,12.72,-998.0
2021-02-02 05:00:00,943.0,5.28,51.86,0.001,0.45399999999999996,1.069,179.1,0.0,12.71,-998.0
2021-02-02 05:05:00,944.0,5.287999999999999,51.92,0.002,0.42,1.043,167.4,0.0,12.71,-998.0
2021-02-02 05:10:00,945.0,5.29,52.09,0.002,0.35600000000000004,0.92,175.2,0.0,12.71,-998.0
2021-02-02 05:15:00,946.0,5.167000000000001,52.76,0.002,0.418,1.06,190.6,0.0,12.71,-998.0
2021-02-02 05:20:00,947.0,4.961,53.6,0.002,0.439,0.902,178.4,0.0,12.7,-998.0
2021-02-02 05:25:00,948.0,4.768,54.39,0.002,0.39,0.929,156.0,0.0,12.7,-998.0
2021-02-02 05:30:00,949.0,4.6,55.06,0.004,0.35,0.8320000000000001,206.9,0.0,12.68,-998.0
2021-02-02 05:35:00,950.0,4.513999999999999,55.4,0.002,0.415,1.227,142.6,0.0,12.69,-998.0
2021-02-02 05:40:00,951.0,4.445,55.73,0.001,0.326,0.8759999999999999,204.7,0.0,12.7,-998.0
2021-02-02 05:45:00,952.0,4.371,56.15,0.002,0.456,1.13,193.5,0.0,12.69,-998.0
2021-02-02 05:50:00,953.0,4.275,56.64,0.003,0.408,1.104,221.1,0.0,12.69,-998.0
2021-02-02 05:55:00,954.0,4.21,56.95,0.003,0.38299999999999995,1.051,165.3,0.0,12.69,-998.0
2021-02-02 06:00:00,955.0,4.247,56.75,0.004,0.371,1.043,137.3,0.0,12.69,-998.0
2021-02-02 06:05:00,956.0,4.26,56.64,0.002,0.312,0.631,117.4,0.0,12.69,-998.0
2021-02-02 06:10:00,957.0,4.409,55.86,0.004,0.32299999999999995,0.92,120.8,0.0,12.74,-998.0
2021-02-02 06:15:00,958.0,4.578,55.14,0.003,0.349,0.9990000000000001,154.5,0.0,12.68,-998.0
2021-02-02 06:20:00,959.0,4.595,55.06,0.002,0.52,1.069,167.8,0.0,12.67,-998.0
2021-02-02 06:25:00,960.0,4.59,55.1,0.005,0.377,1.0859999999999999,219.4,0.0,12.67,-998.0
2021-02-02 06:30:00,961.0,4.498,55.54,0.001,0.321,0.929,201.9,0.0,12.67,-998.0
2021-02-02 06:35:00,962.0,4.338,56.25,0.002,0.44299999999999995,1.227,197.1,0.0,12.67,-998.0
2021-02-02 06:40:00,963.0,4.168,56.9,0.003,0.305,0.754,149.7,0.0,12.67,-998.0
2021-02-02 06:45:00,964.0,4.013999999999999,57.57,0.004,0.27899999999999997,0.9990000000000001,169.6,0.0,12.67,-998.0
2021-02-02 06:50:00,965.0,3.906,58.09,0.005,0.488,1.034,205.7,0.0,12.66,4.799687677354382
2021-02-02 06:55:00,966.0,3.8560000000000003,58.39,0.003,0.431,1.113,124.1,0.0,12.66,4.9588303889006236
2021-02-02 07:00:00,967.0,3.7680000000000002,58.82,0.001,0.363,1.078,138.9,0.0,12.66,-998.0
2021-02-02 07:05:00,968.0,3.7489999999999997,58.93,0.005,0.423,0.9990000000000001,128.9,0.0,12.65,4.878553251670421
2021-02-02 07:10:00,969.0,3.864,58.54,0.003,0.36200000000000004,1.0859999999999999,104.2,0.0,12.66,-998.0
2021-02-02 07:15:00,970.0,3.965,58.29,0.004,0.33799999999999997,1.016,157.6,0.0,12.65,-998.0
2021-02-02 07:20:00,971.0,3.998,58.28,0.002,0.513,1.095,208.3,0.0,12.65,4.810846293393808
2021-02-02 07:25:00,972.0,3.904,58.66,0.002,0.429,1.235,156.5,0.0,12.65,-998.0
2021-02-02 07:30:00,973.0,3.865,58.8,0.004,0.41200000000000003,1.244,159.1,0.0,12.72,-998.0
2021-02-02 07:35:00,974.0,3.9130000000000003,58.73,0.005,0.47100000000000003,1.244,143.4,0.0,12.64,4.867860338811775
2021-02-02 07:40:00,975.0,4.022,58.46,0.002,0.376,1.139,136.2,0.0,12.64,-998.0
2021-02-02 07:45:00,976.0,-8.122,58.3,0.001,0.502,1.253,143.3,0.0,12.64,-7.967196089056662
2021-02-02 07:50:00,977.0,4.086,58.72,0.002,0.535,1.4280000000000002,211.7,0.0,12.63,4.831524692867852
2021-02-02 07:55:00,978.0,3.923,59.54,0.005,0.431,1.095,230.3,0.0,12.63,-998.0
2021-02-02 08:00:00,979.0,3.819,60.14,0.004,0.537,1.2790000000000001,193.1,0.0,12.63,4.54147681439456
2021-02-02 08:05:00,980.0,3.7510000000000003,60.6,0.003,0.317,0.657,221.5,0.0,12.63,-998.0
2021-02-02 08:10:00,981.0,3.6689999999999996,61.27,0.005,0.38299999999999995,1.2790000000000001,125.7,0.0,12.63,4.9621342940448745
2021-02-02 08:15:00,982.0,3.775,61.23,0.004,0.48200000000000004,1.419,255.8,0.0,12.62,4.6827948934017485
2021-02-02 08:20:00,983.0,3.9760000000000004,60.66,0.004,0.47700000000000004,1.262,186.7,0.0,12.62,4.912590738163296
2021-02-02 08:25:00,984.0,4.221,59.54,0.004,0.531,1.148,83.3,0.0,12.62,4.9877956571223265
2021-02-02 08:30:00,985.0,4.2860000000000005,59.31,0.002,0.59,1.6119999999999999,175.9,0.254,12.62,4.874416287428515
2021-02-02 08:35:00,986.0,4.22,59.54,0.003,0.486,1.183,232.0,0.762,12.61,-998.0
2021-02-02 08:40:00,987.0,4.205,59.53,0.002,0.545,1.192,225.1,0.762,12.61,4.925907920024974
2021-02-02 08:45:00,988.0,4.289,59.09,0.003,0.452,1.358,105.9,1.778,12.61,-998.0
2021-02-02 08:50:00,989.0,4.3580000000000005,58.82,0.003,0.408,1.1740000000000002,148.1,0.762,12.69,-998.0
2021-02-02 08:55:00,990.0,4.374,58.76,0.002,0.373,0.9990000000000001,195.5,0.254,12.61,-998.0
2021-02-02 09:00:00,991.0,4.385,58.7,0.002,0.396,1.297,210.3,0.0,12.58,-998.0
2021-02-02 09:05:00,992.0,4.381,58.64,0.002,0.33399999999999996,0.973,250.6,0.0,12.6,-998.0
2021-02-02 09:10:00,993.0,4.312,58.92,0.002,0.373,1.078,165.2,0.0,12.6,-998.0
2021-02-02 09:15:00,994.0,4.211,59.42,0.004,0.423,1.157,121.2,0.0,12.6,-998.0
2021-02-02 09:20:00,995.0,4.164,59.79,0.001,0.326,0.92,113.3,0.0,12.59,-998.0
2021-02-02 09:25:00,996.0,4.09,60.26,0.002,0.359,0.894,78.74,0.0,12.59,-998.0
2021-02-02 09:30:00,997.0,4.038,60.55,0.005,0.289,0.8240000000000001,157.1,0.0,12.59,-998.0
2021-02-02 09:35:00,998.0,4.018,60.71,0.003,0.336,0.841,173.3,0.0,12.58,-998.0
2021-02-02 09:40:00,999.0,3.952,61.04,0.003,0.34600000000000003,1.016,148.2,0.0,12.58,-998.0
2021-02-02 09:45:00,1000.0,3.909,61.37,0.003,0.332,0.6829999999999999,136.2,0.0,12.58,-998.0
2021-02-02 09:50:00,1001.0,3.7939999999999996,62.01,0.005,0.344,0.841,152.6,0.0,12.58,-998.0
2021-02-02 09:55:00,1002.0,3.667,62.75,0.004,0.303,0.938,233.4,0.0,12.58,-998.0
2021-02-02 10:00:00,1003.0,3.576,63.18,0.003,0.332,0.8590000000000001,224.2,0.0,12.58,-998.0
2021-02-02 10:05:00,1004.0,3.4960000000000004,63.54,0.004,0.361,0.894,218.4,0.0,12.58,4.881415333024669
2021-02-02 10:10:00,1005.0,3.44,63.75,0.004,0.466,1.1740000000000002,186.2,0.0,12.63,4.388389556267689
2021-02-02 10:15:00,1006.0,3.432,63.79,0.002,0.418,0.9109999999999999,179.5,0.0,12.57,4.567447538824944
2021-02-02 10:20:00,1007.0,3.424,63.85,0.004,0.309,0.815,129.5,0.0,12.57,-998.0
2021-02-02 10:25:00,1008.0,3.418,63.93,0.004,0.325,0.8320000000000001,110.6,0.0,12.57,4.974760639386795
2021-02-02 10:30:00,1009.0,3.425,63.99,0.004,0.341,1.2790000000000001,131.4,0.0,12.57,4.902710744374178
2021-02-02 10:35:00,1010.0,3.429,64.01,0.003,0.303,0.718,102.4,0.0,12.57,-998.0
2021-02-02 10:40:00,1011.0,3.48,63.83,0.003,0.337,1.016,150.5,0.0,12.56,4.978899539902953
2021-02-02 10:45:00,1012.0,3.5180000000000002,63.71,0.003,0.42700000000000005,1.218,189.4,0.0,12.56,4.620941044056819
2021-02-02 10:50:00,1013.0,3.495,63.8,0.003,0.575,1.227,219.8,0.0,12.56,4.075317583476183
2021-02-02 10:55:00,1014.0,3.407,64.2,0.003,0.47100000000000003,1.27,237.7,0.0,12.55,4.335065395015698
2021-02-02 11:00:00,1015.0,3.2910000000000004,64.69,0.004,0.5329999999999999,1.235,184.1,0.0,12.56,3.994058270428783
2021-02-02 11:05:00,1016.0,3.275,64.77,0.002,0.528,1.2790000000000001,196.4,0.0,12.55,3.9939175331872914
2021-02-02 11:10:00,1017.0,3.238,65.08,0.005,0.38299999999999995,0.9640000000000001,229.4,0.0,12.55,4.514363857763599
2021-02-02 11:15:00,1018.0,3.161,65.5,0.003,0.33399999999999996,0.929,188.4,0.0,12.55,4.665103232029322
2021-02-02 11:20:00,1019.0,3.158,65.55,0.003,0.375,0.78,255.8,0.0,12.55,4.46716489027739
2021-02-02 11:25:00,1020.0,3.159,65.69,0.003,0.305,0.789,193.5,0.0,12.55,4.813382900595184
2021-02-02 11:30:00,1021.0,3.1060000000000003,66.02,0.005,0.408,0.8240000000000001,195.0,0.0,12.54,4.268697718211246
2021-02-02 11:35:00,1022.0,3.035,66.31,0.003,0.299,0.762,226.3,0.0,12.54,4.7191637135081175
2021-02-02 11:40:00,1023.0,3.0469999999999997,66.37,0.003,0.146,0.42100000000000004,144.3,0.0,12.54,-998.0
2021-02-02 11:45:00,1024.0,3.031,66.86,0.004,0.257,0.534,101.9,0.0,12.54,4.961259508879904
2021-02-02 11:50:00,1025.0,3.096,66.6,0.005,0.34299999999999997,0.5870000000000001,99.6,0.0,12.54,4.55362662788453
2021-02-02 11:55:00,1026.0,3.2119999999999997,66.3,0.006999999999999999,0.195,0.718,107.5,0.0,12.54,-998.0
2021-02-02 12:00:00,1027.0,3.2510000000000003,65.87,0.016,0.142,0.561,197.0,0.0,12.54,-998.0
2021-02-02 12:05:00,1028.0,3.389,65.04,0.035,0.21899999999999997,0.561,278.5,0.0,12.54,-998.0
2021-02-02 12:10:00,1029.0,3.4610000000000003,64.63,0.111,0.297,0.797,246.2,0.0,12.53,-998.0
2021-02-02 12:15:00,1030.0,3.465,64.54,0.44,0.44,1.043,227.2,0.0,12.53,4.513984484400393
2021-02-02 12:20:00,1031.0,3.4019999999999997,64.9,1.067,0.41600000000000004,1.165,200.5,0.0,12.53,4.544310333042811
2021-02-02 12:25:00,1032.0,3.304,65.41,2.084,0.442,1.043,196.5,0.0,12.53,4.337351330603098
2021-02-02 12:30:00,1033.0,3.16,66.15,3.46,0.515,1.06,206.5,0.0,12.53,3.9165448811289805
2021-02-02 12:35:00,1034.0,3.1069999999999998,66.34,5.88,0.605,1.3319999999999999,219.5,0.0,12.53,3.5682814655888317
2021-02-02 12:40:00,1035.0,3.108,66.24,10.8,0.747,1.525,204.4,0.0,12.54,3.1754032276525734
2021-02-02 12:45:00,1036.0,3.173,65.8,17.0,0.848,1.454,177.3,0.0,12.54,3.0031764604753812
2021-02-02 12:50:00,1037.0,3.208,65.69,24.68,0.748,1.63,193.0,0.0,12.45,3.2814705290646256
2021-02-02 12:55:00,1038.0,3.168,66.03,39.37,0.627,1.6030000000000002,205.7,0.0,12.57,3.567934017537745
2021-02-02 13:00:00,1039.0,3.222,65.86,35.44,0.621,1.314,207.1,0.0,12.56,3.643558409352135
2021-02-02 13:05:00,1040.0,3.324,65.22,38.86,0.652,1.393,223.4,0.0,12.56,3.663492089801616
2021-02-02 13:10:00,1041.0,3.362,65.04,44.66,0.611,1.288,218.1,0.0,12.57,3.8233175537666666
2021-02-02 13:15:00,1042.0,3.36,65.1,52.52,0.607,1.411,215.2,0.0,12.59,3.8331354158245547
2021-02-02 13:20:00,1043.0,3.372,65.08,57.55,0.449,1.113,205.0,0.0,12.6,4.381451472499451
2021-02-02 13:25:00,1044.0,3.372,65.3,67.1,0.517,1.358,200.5,0.0,12.62,4.134217518646883
2021-02-02 13:30:00,1045.0,3.4330000000000003,65.19,93.1,0.521,1.454,253.0,0.0,12.67,4.185202521607648
2021-02-02 13:35:00,1046.0,3.5469999999999997,64.85,128.2,0.34,0.85,114.2,0.0,12.79,-998.0
2021-02-02 13:40:00,1047.0,3.7880000000000003,64.08,201.4,0.368,0.8759999999999999,268.1,0.0,12.97,-998.0
2021-02-02 13:45:00,1048.0,4.02,63.54,123.4,0.41,0.955,195.5,0.0,12.86,-998.0
2021-02-02 13:50:00,1049.0,4.082,63.56,88.7,0.5479999999999999,1.227,215.8,0.0,12.79,4.785596537544745
2021-02-02 13:55:00,1050.0,4.1610000000000005,63.6,85.9,0.639,1.3319999999999999,203.7,0.0,12.77,4.599947997917966
2021-02-02 14:00:00,1051.0,4.2989999999999995,63.16,252.0,0.622,1.621,196.4,0.0,13.42,4.795776550533732
2021-02-02 14:05:00,1052.0,4.7139999999999995,61.99,362.5,0.547,1.183,214.6,0.0,13.52,-998.0
2021-02-02 14:10:00,1053.0,5.164,60.73,396.3,0.43200000000000005,-998.0,210.3,0.0,13.78,-998.0
2021-02-02 14:15:00,1054.0,5.535,59.48,446.4,0.698,1.349,219.3,0.0,13.94,-998.0
2021-02-02 14:20:00,1055.0,5.861000000000001,58.85,410.5,0.581,1.148,233.8,0.0,13.64,-998.0
2021-02-02 14:25:00,1056.0,6.14,57.37,405.2,0.593,1.577,233.6,0.0,13.74,-998.0
2021-02-02 14:30:00,1057.0,6.526,55.67,429.6,0.632,1.525,238.9,0.0,13.83,-998.0
2021-02-02 14:35:00,1058.0,6.773,55.25,367.0,0.523,1.709,228.1,0.0,13.93,-998.0
2021-02-02 14:40:00,1059.0,6.933,53.58,454.4,0.585,1.3840000000000001,164.3,0.0,13.84,-998.0
2021-02-02 14:45:00,1060.0,7.067,52.91,466.0,0.66,1.665,229.1,0.0,13.81,-998.0
2021-02-02 14:50:00,1061.0,7.407,51.92,499.5,0.381,0.981,258.0,0.0,13.81,-998.0
2021-02-02 14:55:00,1062.0,7.749,50.75,480.0,0.45799999999999996,1.227,302.2,0.0,13.78,-998.0
2021-02-02 15:00:00,1063.0,7.945,50.15,492.8,0.33799999999999997,1.13,262.8,0.0,13.78,-998.0
2021-02-02 15:05:00,1064.0,8.27,49.51,518.3,0.37,1.165,325.3,0.0,13.78,-998.0
2021-02-02 15:10:00,1065.0,8.46,49.3,519.6,0.447,0.902,243.9,0.0,13.78,-998.0
2021-02-02 15:15:00,1066.0,8.66,48.21,517.2,0.469,1.165,267.3,0.0,13.79,-998.0
2021-02-02 15:20:00,1067.0,8.81,47.48,553.0,0.584,1.84,228.2,0.0,13.76,-998.0
2021-02-02 15:25:00,1068.0,9.15,47.2,525.4,0.522,1.244,251.9,0.0,13.76,-998.0
2021-02-02 15:30:00,1069.0,9.36,44.85,566.6,0.762,1.8219999999999998,207.0,0.0,13.66,-998.0
2021-02-02 15:35:00,1070.0,9.61,45.21,576.9,0.565,1.419,302.0,0.0,13.73,-998.0
2021-02-02 15:40:00,1071.0,9.73,43.44,587.4,0.861,1.849,218.3,0.0,13.73,-998.0
2021-02-02 15:45:00,1072.0,9.87,42.62,599.0,0.9590000000000001,1.875,213.8,0.0,13.7,-998.0
2021-02-02 15:50:00,1073.0,9.95,42.51,609.5,0.619,2.077,211.0,0.0,13.7,-998.0
2021-02-02 15:55:00,1074.0,10.26,41.87,618.6,0.706,1.6469999999999998,221.6,0.0,13.7,-998.0
2021-02-02 16:00:00,1075.0,10.12,41.56,627.2,1.193,2.3480000000000003,215.9,0.0,13.73,-998.0
2021-02-02 16:05:00,1076.0,10.1,41.4,634.8,0.925,2.015,227.1,0.0,13.73,-998.0
2021-02-02 16:10:00,1077.0,10.34,41.48,641.5,0.639,1.936,220.0,0.0,13.73,-998.0
2021-02-02 16:15:00,1078.0,10.76,39.79,649.6,0.6609999999999999,1.875,225.9,0.0,13.73,-998.0
2021-02-02 16:20:00,1079.0,10.78,39.75,657.0,0.799,1.682,224.4,0.0,13.73,-998.0
2021-02-02 16:25:00,1080.0,11.01,39.83,654.9,0.524,1.227,253.1,0.0,13.73,-998.0
2021-02-02 16:30:00,1081.0,11.24,38.96,667.3,0.588,1.56,294.4,0.0,13.7,-998.0
2021-02-02 16:35:00,1082.0,11.25,39.02,673.1,0.484,1.209,321.8,0.0,13.7,-998.0
2021-02-02 16:40:00,1083.0,11.52,38.61,678.4,0.624,1.98,255.4,0.0,13.7,-998.0
2021-02-02 16:45:00,1084.0,11.71,38.09,683.5,0.68,1.63,235.7,0.0,13.7,-998.0
2021-02-02 16:50:00,1085.0,11.53,37.6,687.6,0.8009999999999999,1.831,219.1,0.0,13.62,-998.0
2021-02-02 16:55:00,1086.0,11.8,37.61,692.1,0.66,1.56,256.0,0.0,13.73,-998.0
2021-02-02 17:00:00,1087.0,11.8,37.08,695.4,0.685,1.63,226.5,0.0,13.74,-998.0
2021-02-02 17:05:00,-999.0,-999.0,-999.0,-999.0,-999.0,-999.0,-999.0,-999.0,-999.0,-999.0
2021-02-02 17:10:00,-999.0,-999.0,-999.0,-999.0,-999.0,-999.0,-999.0,-999.0,-999.0,-999.0
2021-02-02 17:15:00,-999.0,-999.0,-999.0,-999.0,-999.0,-999.0,-999.0,-999.0,-999.0,-999.0
2021-02-02 17:20:00,-999.0,-999.0,-999.0,-999.0,-999.0,-999.0,-999.0,-999.0,-999.0,-999.0
2021-02-02 17:25:00,1092.0,12.48,36.17,710.2,0.607,1.4809999999999999,260.7,0.0,13.7,-998.0
2021-02-02 17:30:00,1093.0,12.32,36.63,708.8,0.622,1.621,296.6,0.0,13.71,-998.0
2021-02-02 17:35:00,1094.0,12.37,36.22,710.9,0.609,1.262,221.9,0.0,13.7,-998.0
2021-02-02 17:40:00,1095.0,12.65,36.26,710.8,0.534,1.735,290.5,0.0,13.68,-998.0
2021-02-02 17:45:00,1096.0,12.72,35.95,708.8,0.809,1.787,241.1,0.0,13.68,-998.0
2021-02-02 17:50:00,1097.0,12.64,35.95,707.8,0.774,1.8659999999999999,223.2,0.0,13.71,-998.0
2021-02-02 17:55:00,1098.0,12.84,35.96,707.4,0.685,1.709,247.9,0.0,13.71,-998.0
2021-02-02 18:00:00,1099.0,13.04,35.68,706.0,0.804,1.5859999999999999,215.6,0.0,13.71,-998.0
2021-02-02 18:05:00,1100.0,13.07,35.58,703.8,0.816,1.9709999999999999,219.7,0.0,13.71,-998.0
2021-02-02 18:10:00,1101.0,13.21,35.66,701.1,0.657,1.893,262.4,0.0,13.7,-998.0
2021-02-02 18:15:00,1102.0,13.31,35.22,699.3,0.8029999999999999,1.945,247.9,0.0,13.71,-998.0
2021-02-02 18:20:00,1103.0,13.36,34.99,696.8,0.937,1.7519999999999998,243.0,0.0,13.68,-998.0
2021-02-02 18:25:00,1104.0,13.28,35.09,693.7,0.866,1.8219999999999998,228.4,0.0,13.71,-998.0
2021-02-02 18:30:00,1105.0,13.55,35.18,687.1,0.508,1.235,232.3,0.0,13.68,-998.0
2021-02-02 18:35:00,1106.0,13.7,34.76,685.4,0.779,1.919,256.6,0.0,13.68,-998.0
2021-02-02 18:40:00,1107.0,13.6,34.83,669.2,0.7809999999999999,2.05,229.7,0.0,13.65,-998.0
2021-02-02 18:45:00,1108.0,13.75,35.0,656.6,0.611,1.419,239.2,0.0,13.65,-998.0
2021-02-02 18:50:00,1109.0,13.96,34.39,666.0,0.599,1.84,223.0,0.0,13.68,-998.0
2021-02-02 18:55:00,1110.0,14.2,34.11,666.1,0.547,1.297,254.2,0.0,13.68,-998.0
2021-02-02 19:00:00,1111.0,14.05,34.02,659.1,0.95,1.682,203.7,0.0,13.69,-998.0
2021-02-02 19:05:00,1112.0,13.94,34.21,652.0,0.731,1.919,244.6,0.0,13.66,-998.0
2021-02-02 19:10:00,1113.0,14.4,33.57,643.4,0.461,1.4280000000000002,292.2,0.0,13.63,-998.0
2021-02-02 19:15:00,1114.0,14.59,33.36,635.1,0.605,1.551,247.7,0.0,13.63,-998.0
2021-02-02 19:20:00,1115.0,14.62,33.11,626.9,0.728,2.085,246.5,0.0,13.63,-998.0
2021-02-02 19:25:00,1116.0,14.56,33.28,618.1,0.583,1.665,223.4,0.0,13.63,-998.0
2021-02-02 19:30:00,1117.0,14.57,33.26,609.0,0.474,1.7169999999999999,289.7,0.0,13.58,-998.0
2021-02-02 19:35:00,1118.0,14.7,32.78,599.3,0.501,1.454,273.3,0.0,13.66,-998.0
2021-02-02 19:40:00,1119.0,14.83,33.08,589.6,0.47100000000000003,1.227,312.2,0.0,13.66,-998.0
2021-02-02 19:45:00,1120.0,15.0,32.93,579.4,0.493,1.63,26.34,0.0,13.63,-998.0
2021-02-02 19:50:00,1121.0,14.89,32.84,568.9,0.5529999999999999,1.6909999999999998,333.3,0.0,13.63,-998.0
2021-02-02 19:55:00,1122.0,14.87,33.22,557.1,0.505,1.297,22.33,0.0,13.63,-998.0
2021-02-02 20:00:00,1123.0,15.0,32.99,547.5,0.478,1.1740000000000002,313.5,0.0,13.6,-998.0
2021-02-02 20:05:00,1124.0,15.24,32.52,535.9,0.368,1.244,258.7,0.0,13.6,-998.0
2021-02-02 20:10:00,1125.0,15.27,32.29,522.6,0.623,1.4809999999999999,21.38,0.0,13.57,-998.0
2021-02-02 20:15:00,1126.0,15.14,32.55,509.6,0.7140000000000001,2.094,66.38,0.0,13.57,-998.0
2021-02-02 20:20:00,1127.0,15.03,32.38,494.4,0.785,2.313,69.82,0.0,13.6,-998.0
2021-02-02 20:25:00,1128.0,15.23,31.89,478.0,0.588,1.621,321.5,0.0,13.6,-998.0
2021-02-02 20:30:00,1129.0,15.02,32.08,471.8,0.7120000000000001,1.8840000000000001,79.83,0.0,13.37,-998.0
2021-02-02 20:35:00,1130.0,15.06,32.08,453.3,0.5770000000000001,1.84,60.85,0.0,13.18,-998.0
2021-02-02 20:40:00,1131.0,14.9,32.09,444.7,1.099,2.935,87.9,0.0,13.12,-998.0
2021-02-02 20:45:00,1132.0,14.9,31.98,423.0,0.759,1.989,43.73,0.0,13.08,-998.0
2021-02-02 20:50:00,1133.0,15.07,31.72,413.3,0.53,1.936,288.1,0.0,13.1,-998.0
2021-02-02 20:55:00,1134.0,15.08,31.52,397.8,0.685,2.077,57.68,0.0,13.05,-998.0
2021-02-02 21:00:00,1135.0,15.13,31.37,382.8,0.557,1.6469999999999998,240.9,0.0,13.02,-998.0
2021-02-02 21:05:00,1136.0,15.15,31.06,367.5,0.635,2.042,62.93,0.0,13.03,-998.0
2021-02-02 21:10:00,1137.0,15.09,30.9,351.8,0.698,2.024,92.4,0.0,13.01,-998.0
2021-02-02 21:15:00,1138.0,15.26,31.2,334.5,0.6679999999999999,2.5580000000000003,332.5,0.0,13.01,-998.0
2021-02-02 21:20:00,1139.0,15.35,30.52,126.8,0.531,1.84,305.3,0.0,13.0,-998.0
2021-02-02 21:25:00,1140.0,15.26,30.52,69.95,0.669,2.716,78.34,0.0,12.99,-998.0
2021-02-02 21:30:00,1141.0,15.14,30.25,67.33,0.511,1.341,26.12,0.0,12.99,-998.0
2021-02-02 21:35:00,1142.0,15.14,30.58,64.77,0.44799999999999995,0.973,339.3,0.0,12.98,-998.0
2021-02-02 21:40:00,1143.0,15.18,29.89,61.94,0.531,1.2790000000000001,292.5,0.0,12.98,-998.0
2021-02-02 21:45:00,1144.0,15.06,29.99,59.03,0.514,1.49,288.3,0.0,12.97,-998.0
2021-02-02 21:50:00,1145.0,15.11,30.46,56.41,0.39299999999999996,1.472,13.15,0.0,12.97,-998.0
2021-02-02 21:55:00,1146.0,15.11,29.95,53.75,0.524,1.665,288.7,0.0,12.96,-998.0
2021-02-02 22:00:00,1147.0,14.94,29.94,51.09,0.5670000000000001,1.5330000000000001,118.8,0.0,12.96,-998.0
2021-02-02 22:05:00,1148.0,14.88,30.29,48.47,0.55,1.5419999999999998,271.7,0.0,12.95,-998.0
2021-02-02 22:10:00,1149.0,14.87,30.45,45.75,0.518,1.402,263.8,0.0,12.93,-998.0
2021-02-02 22:15:00,1150.0,14.79,30.33,42.86,0.43200000000000005,1.56,292.8,0.0,12.94,-998.0
2021-02-02 22:20:00,1151.0,14.73,30.64,38.15,0.5489999999999999,1.253,240.7,0.0,12.94,-998.0
2021-02-02 22:25:00,1152.0,14.65,30.45,36.43,0.525,1.4280000000000002,317.5,0.0,12.93,-998.0
2021-02-02 22:30:00,1153.0,14.58,30.66,31.0,0.53,1.5859999999999999,266.6,0.0,12.93,-998.0
2021-02-02 22:35:00,1154.0,14.43,30.76,23.09,0.506,1.787,251.5,0.0,12.92,-998.0
2021-02-02 22:40:00,1155.0,14.24,31.13,17.43,0.424,1.148,224.5,0.0,12.91,-998.0
2021-02-02 22:45:00,1156.0,14.09,31.38,12.28,0.41100000000000003,1.06,269.2,0.0,12.98,-998.0
2021-02-02 22:50:00,1157.0,13.95,31.73,8.69,0.354,1.034,297.2,0.0,12.9,-998.0
2021-02-02 22:55:00,1158.0,13.79,32.18,6.07,0.321,1.095,103.4,0.0,12.9,-998.0
2021-02-02 23:00:00,1159.0,13.63,32.63,4.154,0.341,0.9109999999999999,300.5,0.0,12.9,-998.0
2021-02-02 23:05:00,1160.0,13.48,32.94,2.739,0.39799999999999996,1.6030000000000002,179.0,0.0,12.9,-998.0
2021-02-02 23:10:00,1161.0,13.31,33.24,1.619,0.373,0.973,274.6,0.0,12.89,-998.0
2021-02-02 23:15:00,1162.0,13.15,33.54,0.769,0.325,0.92,308.6,0.0,12.89,-998.0
2021-02-02 23:20:00,1163.0,12.99,33.9,0.233,0.307,0.867,134.7,0.0,12.89,-998.0
2021-02-02 23:25:00,1164.0,12.85,34.25,0.059000000000000004,0.311,0.8320000000000001,220.0,0.0,12.88,-998.0
2021-02-02 23:30:00,1165.0,12.75,34.43,0.018000000000000002,0.36,0.867,262.0,0.0,12.79,-998.0
2021-02-02 23:35:00,1166.0,12.65,34.64,0.008,0.386,1.113,219.7,0.0,12.88,-998.0
2021-02-02 23:40:00,1167.0,12.55,34.79,0.005,0.364,1.104,191.0,0.0,12.87,-998.0
2021-02-02 23:45:00,1168.0,12.4,35.2,0.003,0.359,1.3840000000000001,126.2,0.0,12.87,-998.0
2021-02-02 23:50:00,1169.0,12.22,35.81,0.003,0.324,0.8240000000000001,203.7,0.0,12.87,-998.0
2021-02-02 23:55:00,1170.0,12.05,36.52,0.003,0.265,0.973,159.1,0.0,12.87,-998.0
