TIMESTAMP,RECORD,TAIR,RELH,SRAD,WSPD,WMAX,WDIR,RAIN,BATV,CHIL
2021-02-01 00:00:00,595.0,6.904,59.93,0.001,0.172,0.797,245.7,0.0,12.84,-998.0
2021-02-01 00:05:00,596.0,6.803999999999999,60.38,0.001,0.111,0.386,171.3,0.0,12.84,-998.0
2021-02-01 00:10:00,597.0,6.715,60.86,0.003,0.11199999999999999,0.526,225.6,0.0,12.84,-998.0
2021-02-01 00:15:00,598.0,6.654,61.18,0.0,0.085,0.35,220.0,0.0,12.84,-998.0
2021-02-01 00:20:00,599.0,6.593999999999999,61.45,0.003,0.182,0.85,261.6,0.0,12.81,-998.0
2021-02-01 00:25:00,600.0,6.527,61.79,0.001,0.168,0.48200000000000004,289.1,0.0,12.83,-998.0
2021-02-01 00:30:00,601.0,6.47,61.99,0.001,0.075,0.39399999999999996,284.9,0.0,12.83,-998.0
2021-02-01 00:35:00,602.0,6.357,62.53,0.002,0.073,0.43799999999999994,270.2,0.0,12.82,-998.0
2021-02-01 00:40:00,603.0,6.272,62.99,0.002,0.095,0.42100000000000004,283.2,0.0,12.82,-998.0
2021-02-01 00:45:00,604.0,6.234,63.21,0.001,0.079,0.33299999999999996,306.7,0.0,12.82,-998.0
2021-02-01 00:50:00,605.0,6.233,63.42,0.002,0.127,0.64,306.8,0.0,12.82,-998.0
2021-02-01 00:55:00,606.0,6.21,63.58,0.002,0.109,0.456,315.1,0.0,12.81,-998.0
2021-02-01 01:00:00,607.0,6.16,63.86,0.001,0.092,0.368,301.0,0.0,12.71,-998.0
2021-02-01 01:05:00,608.0,6.103,64.21,0.002,0.105,0.43799999999999994,298.3,0.0,12.81,-998.0
2021-02-01 01:10:00,609.0,6.061,64.45,0.002,0.076,0.377,319.5,0.0,12.8,-998.0
2021-02-01 01:15:00,610.0,5.975,64.83,0.001,0.094,0.307,292.8,0.0,12.8,-998.0
2021-02-01 01:20:00,611.0,5.837000000000001,65.41,0.003,0.049,0.21899999999999997,273.1,0.0,12.8,-998.0
2021-02-01 01:25:00,612.0,5.7170000000000005,66.04,0.002,0.139,0.578,274.4,0.0,12.8,-998.0
2021-02-01 01:30:00,613.0,5.646,66.48,0.004,0.078,0.386,285.3,0.0,12.8,-998.0
2021-02-01 01:35:00,614.0,5.607,66.91,0.002,0.08900000000000001,0.42100000000000004,293.9,0.0,12.79,-998.0
2021-02-01 01:40:00,615.0,5.582999999999999,67.12,0.002,0.068,0.228,287.0,0.0,12.79,-998.0
2021-02-01 01:45:00,616.0,5.541,67.4,0.004,0.08900000000000001,0.35,293.6,0.0,12.78,-998.0
2021-02-01 01:50:00,617.0,5.433,67.96,0.003,0.08199999999999999,0.307,175.7,0.0,12.79,-998.0
2021-02-01 01:55:00,618.0,5.349,68.53,0.003,0.165,0.368,175.0,0.0,12.78,-998.0
2021-02-01 02:00:00,619.0,5.369,68.69,0.0,0.127,0.377,166.3,0.0,12.78,-998.0
2021-02-01 02:05:00,620.0,5.406000000000001,68.67,0.001,-998.0,0.342,178.7,0.0,12.78,-998.0
2021-02-01 02:10:00,621.0,5.43,68.63,0.002,0.125,0.368,167.8,0.0,12.77,-998.0
2021-02-01 02:15:00,622.0,5.402,68.77,0.004,0.14400000000000002,0.41200000000000003,162.8,0.0,12.77,-998.0
2021-02-01 02:20:00,623.0,5.312,69.19,0.002,0.131,0.28,163.7,0.0,12.69,-998.0
2021-02-01 02:25:00,624.0,5.247000000000001,69.42,0.001,0.147,0.447,155.0,0.0,12.77,-998.0
2021-02-01 02:30:00,625.0,5.152,69.81,0.002,0.129,0.5429999999999999,154.3,0.0,12.76,-998.0
2021-02-01 02:35:00,626.0,5.046,70.34,0.001,0.16,0.43799999999999994,140.6,0.0,12.76,-998.0
2021-02-01 02:40:00,627.0,4.999,70.68,0.004,0.159,0.789,149.3,0.0,12.76,-998.0
2021-02-01 02:45:00,628.0,4.913,71.01,0.003,0.084,0.33299999999999996,152.1,0.0,12.76,-998.0
2021-02-01 02:50:00,629.0,4.791,71.46,0.004,0.16,0.429,154.0,0.0,12.75,-998.0
2021-02-01 02:55:00,630.0,4.622,72.03,0.002,0.14300000000000002,0.491,149.9,0.0,12.73,-998.0
2021-02-01 03:00:00,631.0,4.437,72.8,0.003,0.152,0.456,151.7,0.0,12.75,-998.0
2021-02-01 03:05:00,632.0,4.253,73.56,0.003,0.07400000000000001,0.33299999999999996,150.1,0.0,12.75,-998.0
2021-02-01 03:10:00,633.0,4.079,74.3,0.001,0.09,0.307,134.9,0.0,12.75,-998.0
2021-02-01 03:15:00,634.0,3.887,75.02,0.003,0.062,0.237,148.6,0.0,12.74,-998.0
2021-02-01 03:20:00,635.0,3.7,75.78,0.004,0.124,0.315,141.3,0.0,12.74,-998.0
2021-02-01 03:25:00,636.0,3.597,76.27,0.003,0.133,0.701,151.4,0.0,12.74,-998.0
2021-02-01 03:30:00,637.0,3.463,76.91,0.003,0.11199999999999999,0.429,153.7,0.0,12.74,-998.0
2021-02-01 03:35:00,638.0,3.303,77.55,0.003,0.073,0.272,162.9,0.0,12.73,-998.0
2021-02-01 03:40:00,639.0,3.109,78.34,0.002,0.045,0.429,147.3,0.0,12.75,-998.0
2021-02-01 03:45:00,640.0,2.9930000000000003,78.92,0.003,0.084,0.359,141.0,0.0,12.73,-998.0
2021-02-01 03:50:00,641.0,2.8689999999999998,79.47,0.002,0.066,0.298,130.5,0.0,12.72,-998.0
2021-02-01 03:55:00,642.0,2.8310000000000004,79.64,0.003,0.156,0.39399999999999996,168.1,0.0,12.73,-998.0
2021-02-01 04:00:00,643.0,2.736,79.99,0.003,0.091,0.42100000000000004,128.7,0.0,12.72,-998.0
2021-02-01 04:05:00,644.0,2.5780000000000003,80.6,0.003,0.079,0.552,119.7,0.0,12.72,-998.0
2021-02-01 04:10:00,645.0,2.417,81.3,0.003,0.1,0.254,149.6,0.0,12.72,-998.0
2021-02-01 04:15:00,646.0,2.3080000000000003,81.9,0.002,0.11199999999999999,0.307,129.7,0.0,12.73,-998.0
2021-02-01 04:20:00,647.0,2.305,82.0,0.003,0.076,0.324,147.3,0.0,12.71,-998.0
2021-02-01 04:25:00,648.0,2.34,82.0,0.002,0.087,0.368,156.8,0.0,12.71,-998.0
2021-02-01 04:30:00,649.0,2.323,81.9,0.003,0.07400000000000001,0.298,149.8,0.0,12.71,-998.0
2021-02-01 04:35:00,650.0,2.235,82.1,0.002,0.067,0.245,131.1,0.0,12.7,-998.0
2021-02-01 04:40:00,651.0,2.252,82.0,0.003,0.133,0.613,149.1,0.0,12.7,-998.0
2021-02-01 04:45:00,652.0,2.229,81.8,0.002,0.193,0.718,141.4,0.0,12.7,4.612602334392395
2021-02-01 04:50:00,653.0,2.112,82.1,0.003,0.105,0.342,145.5,0.0,12.7,-998.0
2021-02-01 04:55:00,654.0,2.001,82.5,0.003,0.09,0.40299999999999997,134.2,0.0,12.68,-998.0
2021-02-01 05:00:00,655.0,2.028,82.3,0.002,0.146,0.40299999999999997,137.3,0.0,12.74,4.847804172691854
2021-02-01 05:05:00,656.0,2.0669999999999997,82.0,0.002,0.127,0.41200000000000003,130.6,0.0,12.69,-998.0
2021-02-01 05:10:00,657.0,2.061,81.9,0.003,0.146,0.473,150.8,0.0,12.69,4.880118563887227
2021-02-01 05:15:00,658.0,2.0069999999999997,81.9,0.003,0.121,0.42100000000000004,143.4,0.0,12.69,-998.0
2021-02-01 05:20:00,659.0,1.9580000000000002,81.8,0.004,0.14400000000000002,0.456,133.3,0.0,12.68,4.800328289925843
2021-02-01 05:25:00,660.0,1.9,81.9,0.005,0.14,0.41200000000000003,144.9,0.0,12.68,4.786559973331295
2021-02-01 05:30:00,661.0,1.895,81.9,0.003,0.08,0.40299999999999997,144.0,0.0,12.68,-998.0
2021-02-01 05:35:00,662.0,1.839,82.0,0.001,0.08199999999999999,0.33299999999999996,96.9,0.0,12.69,-998.0
2021-02-01 05:40:00,663.0,1.804,82.3,0.003,0.11699999999999999,0.342,151.5,0.0,12.67,4.963067081192036
2021-02-01 05:45:00,664.0,1.745,82.5,0.002,0.10400000000000001,0.33299999999999996,131.3,0.0,12.67,-998.0
2021-02-01 05:50:00,665.0,1.604,83.0,0.002,0.039,0.254,119.5,0.0,12.67,-998.0
2021-02-01 05:55:00,666.0,1.435,83.7,0.003,0.054000000000000006,0.245,136.8,0.0,12.67,-998.0
2021-02-01 06:00:00,667.0,1.34,84.2,0.002,0.055999999999999994,0.315,133.0,0.0,12.67,-998.0
2021-02-01 06:05:00,668.0,1.315,84.6,0.004,0.038,0.228,141.5,0.0,12.66,-998.0
2021-02-01 06:10:00,669.0,1.305,84.7,0.003,0.055,0.315,141.3,0.0,12.66,-998.0
2021-02-01 06:15:00,670.0,1.246,85.0,0.002,0.037000000000000005,0.289,133.3,0.0,12.66,-998.0
2021-02-01 06:20:00,671.0,1.205,85.2,0.005,0.023,0.12300000000000001,78.28,0.0,12.55,-998.0
2021-02-01 06:25:00,672.0,1.109,85.5,0.004,0.025,0.175,137.1,0.0,12.65,-998.0
2021-02-01 06:30:00,673.0,1.103,85.9,0.004,0.09300000000000001,0.552,227.0,0.0,12.65,4.628708858555056
2021-02-01 06:35:00,674.0,1.196,85.4,0.003,0.023,0.149,304.8,0.0,12.65,-998.0
2021-02-01 06:40:00,675.0,1.168,85.5,0.004,0.064,0.342,268.3,0.0,12.64,-998.0
2021-02-01 06:45:00,676.0,1.111,85.6,0.003,0.11900000000000001,0.386,297.0,0.0,12.64,4.2672485767917365
2021-02-01 06:50:00,677.0,1.012,86.0,0.004,0.105,0.342,291.7,0.0,12.64,4.361337830848927
2021-02-01 06:55:00,678.0,0.924,86.4,0.003,0.10099999999999999,0.35,296.6,0.0,12.7,4.335125725948368
2021-02-01 07:00:00,679.0,0.858,86.7,0.003,0.105,0.42100000000000004,291.7,0.0,12.63,4.213367649700483
2021-02-01 07:05:00,680.0,0.794,86.9,0.002,0.046,0.307,307.0,0.0,12.63,-998.0
2021-02-01 07:10:00,681.0,0.731,87.0,0.002,0.016,0.114,293.1,0.0,12.63,-998.0
2021-02-01 07:15:00,682.0,0.452,87.3,0.004,0.012,0.149,287.6,0.0,12.63,-998.0
2021-02-01 07:20:00,683.0,0.106,89.1,0.002,0.03,0.245,313.4,0.0,12.62,-998.0
2021-02-01 07:25:00,684.0,-0.084,90.5,0.004,0.055999999999999994,0.289,308.7,0.0,12.62,4.242091928378597
2021-02-01 07:30:00,685.0,-0.168,91.2,0.003,0.028999999999999998,0.263,299.1,0.0,12.62,-998.0
2021-02-01 07:35:00,686.0,-0.162,91.4,0.004,0.025,0.184,307.8,0.0,12.62,-998.0
2021-02-01 07:40:00,687.0,-0.11900000000000001,91.3,0.002,0.018000000000000002,0.12300000000000001,296.3,0.0,12.61,-998.0
2021-02-01 07:45:00,688.0,-0.152,91.5,0.005,0.019,0.149,309.1,0.0,12.61,-998.0
2021-02-01 07:50:00,689.0,-0.146,91.7,0.004,0.03,0.20199999999999999,351.2,0.0,12.6,-998.0
2021-02-01 07:55:00,690.0,-0.146,91.7,0.002,0.039,0.193,44.56,0.0,12.61,4.681985440242295
2021-02-01 08:00:00,-999.0,-999.0,-999.0,-999.0,-999.0,-999.0,-999.0,-999.0,-999.0,-999.0
2021-02-01 08:05:00,-999.0,-999.0,-999.0,-999.0,-999.0,-999.0,-999.0,-999.0,-999.0,-999.0
2021-02-01 08:10:00,-999.0,-999.0,-999.0,-999.0,-999.0,-999.0,-999.0,-999.0,-999.0,-999.0
2021-02-01 08:15:00,-999.0,-999.0,-999.0,-999.0,-999.0,-999.0,-999.0,-999.0,-999.0,-999.0
2021-02-01 08:20:00,-999.0,-999.0,-999.0,-999.0,-999.0,-999.0,-999.0,-999.0,-999.0,-999.0
2021-02-01 08:25:00,-999.0,-999.0,-999.0,-999.0,-999.0,-999.0,-999.0,-999.0,-999.0,-999.0
2021-02-01 08:30:00,-999.0,-999.0,-999.0,-999.0,-999.0,-999.0,-999.0,-999.0,-999.0,-999.0
2021-02-01 08:35:00,-999.0,-999.0,-999.0,-999.0,-999.0,-999.0,-999.0,-999.0,-999.0,-999.0
2021-02-01 08:40:00,-999.0,-999.0,-999.0,-999.0,-999.0,-999.0,-999.0,-999.0,-999.0,-999.0
2021-02-01 08:45:00,-999.0,-999.0,-999.0,-999.0,-999.0,-999.0,-999.0,-999.0,-999.0,-999.0
2021-02-01 08:50:00,-999.0,-999.0,-999.0,-999.0,-999.0,-999.0,-999.0,-999.0,-999.0,-999.0
2021-02-01 08:55:00,-999.0,-999.0,-999.0,-999.0,-999.0,-999.0,-999.0,-999.0,-999.0,-999.0
2021-02-01 09:00:00,-999.0,-999.0,-999.0,-999.0,-999.0,-999.0,-999.0,-999.0,-999.0,-999.0
2021-02-01 09:05:00,-999.0,-999.0,-999.0,-999.0,-999.0,-999.0,-999.0,-999.0,-999.0,-999.0
2021-02-01 09:10:00,-999.0,-999.0,-999.0,-999.0,-999.0,-999.0,-999.0,-999.0,-999.0,-999.0
2021-02-01 09:15:00,706.0,0.165,89.2,0.002,0.163,0.517,278.6,0.0,12.56,2.8421794475749325
2021-02-01 09:20:00,707.0,0.136,89.2,0.004,0.11699999999999999,0.508,282.4,0.0,12.55,3.3504914260361423
2021-02-01 09:25:00,708.0,0.14400000000000002,89.2,0.003,0.14,0.377,294.9,0.0,12.56,3.071246203702629
2021-02-01 09:30:00,709.0,0.16,88.9,0.002,0.079,0.342,316.9,0.0,12.55,3.9733263686032743
2021-02-01 09:35:00,710.0,0.127,88.9,0.004,0.109,0.41200000000000003,296.7,0.0,12.48,3.452862715745623
2021-02-01 09:40:00,711.0,0.062,89.0,0.005,0.157,0.491,296.9,0.0,12.55,2.802991642172685
2021-02-01 09:45:00,712.0,0.0,89.2,0.003,0.05,0.33299999999999996,320.7,0.0,12.54,4.478202896585572
2021-02-01 09:50:00,713.0,0.026000000000000002,89.0,0.003,0.036000000000000004,0.20199999999999999,313.9,0.0,12.54,4.944283970370584
2021-02-01 09:55:00,714.0,0.006999999999999999,89.0,0.005,0.063,0.21899999999999997,301.6,0.0,12.54,4.159205351298792
2021-02-01 10:00:00,715.0,-0.076,89.3,0.005,0.018000000000000002,0.114,292.6,0.0,12.54,-998.0
2021-02-01 10:05:00,716.0,-0.12,89.4,0.005,0.054000000000000006,0.254,275.8,0.0,12.53,4.259940595721967
2021-02-01 10:10:00,717.0,-0.12300000000000001,89.2,0.003,0.044000000000000004,0.35,296.7,0.0,12.53,4.5403997361948205
2021-02-01 10:15:00,718.0,-0.18100000000000002,89.3,0.002,0.11599999999999999,0.386,268.4,0.0,12.53,3.057699155994304
2021-02-01 10:20:00,719.0,-0.204,89.1,0.005,0.049,0.386,291.0,0.0,12.52,4.318026623000888
2021-02-01 10:25:00,720.0,-0.25,88.9,0.003,0.037000000000000005,0.21899999999999997,287.0,0.0,12.52,4.657495857785174
2021-02-01 10:30:00,721.0,-0.39399999999999996,89.3,0.003,0.047,0.245,307.7,0.0,12.52,4.200897675481254
2021-02-01 10:35:00,722.0,-0.47100000000000003,89.4,0.003,0.07400000000000001,0.272,310.0,0.0,12.52,3.4749127581418637
2021-02-01 10:40:00,723.0,-0.606,89.6,0.004,0.059000000000000004,0.254,356.7,0.0,12.52,3.6821363274759267
2021-02-01 10:45:00,724.0,-0.757,89.9,0.004,0.105,0.429,72.01,0.0,12.52,2.6616024383060974
2021-02-01 10:50:00,725.0,-0.831,90.7,0.005,0.086,0.324,322.6,0.0,12.52,2.905244120212925
2021-02-01 10:55:00,726.0,-0.7709999999999999,90.5,0.003,0.06,0.28,283.4,0.0,12.58,3.5039926793191047
2021-02-01 11:00:00,727.0,-0.736,90.2,0.006,0.07200000000000001,0.272,293.8,0.0,12.51,3.266466218206735
2021-02-01 11:05:00,728.0,-0.6920000000000001,89.8,0.001,0.053,0.21899999999999997,322.5,0.0,12.51,3.7566854464453714
2021-02-01 11:10:00,729.0,-0.682,89.5,0.004,0.063,0.245,308.9,0.0,12.51,3.5155325229943357
2021-02-01 11:15:00,730.0,-0.6729999999999999,89.3,0.002,0.064,0.41200000000000003,350.4,0.0,12.51,3.5007856629553453
2021-02-01 11:20:00,731.0,-0.622,88.9,0.003,0.07400000000000001,0.315,326.8,0.0,12.51,3.3326149380493484
2021-02-01 11:25:00,732.0,-0.611,88.4,0.003,0.059000000000000004,0.245,303.7,0.0,12.5,3.6774815866440496
2021-02-01 11:30:00,733.0,-0.679,88.5,0.002,0.096,0.263,295.9,0.0,12.5,2.8783561000687867
2021-02-01 11:35:00,734.0,-0.608,88.1,0.005,0.08,0.447,308.1,0.0,12.5,3.2278657922932052
2021-02-01 11:40:00,735.0,-0.551,87.6,0.003,0.047,0.39399999999999996,358.7,0.0,12.49,4.056474623532793
2021-02-01 11:45:00,736.0,-0.499,87.2,0.006,0.087,0.43799999999999994,323.9,0.0,12.5,3.202949592257788
2021-02-01 11:50:00,737.0,-0.491,86.9,0.006999999999999999,0.1,0.272,290.2,0.0,12.49,2.9941518202298125
2021-02-01 11:55:00,738.0,-0.473,86.7,0.013000000000000001,0.083,0.245,297.1,0.0,12.49,3.2996819116376264
2021-02-01 12:00:00,739.0,-0.48100000000000004,86.6,0.028999999999999998,0.076,0.35,296.1,0.0,12.49,3.425484311637606
2021-02-01 12:05:00,740.0,-0.408,86.1,0.098,0.081,0.298,317.1,0.0,12.49,3.3983451334144053
2021-02-01 12:10:00,741.0,-0.40700000000000003,85.8,0.327,0.096,0.33299999999999996,299.5,0.0,12.49,3.138392052752381
2021-02-01 12:15:00,742.0,-0.484,85.9,0.941,0.076,0.35,284.2,0.0,12.55,3.422653086478568
2021-02-01 12:20:00,743.0,-0.505,85.7,2.131,0.12300000000000001,0.342,273.8,0.0,12.49,2.6498475682086924
2021-02-01 12:25:00,744.0,-0.485,85.5,3.795,0.113,0.289,295.1,0.0,12.49,2.8060091121851074
2021-02-01 12:30:00,745.0,-0.47100000000000003,85.3,6.1739999999999995,0.14800000000000002,0.491,289.1,0.0,12.49,2.3780011325103403
2021-02-01 12:35:00,746.0,-0.43700000000000006,85.1,16.89,0.222,0.526,281.9,0.0,12.5,1.7117755808906336
2021-02-01 12:40:00,747.0,-0.35100000000000003,84.6,31.4,0.17,0.43799999999999994,281.5,0.0,12.57,2.2622782838572575
2021-02-01 12:45:00,748.0,-0.294,84.1,45.54,0.131,0.499,292.3,0.0,12.63,2.7522514335432984
2021-02-01 12:50:00,749.0,-0.243,83.8,70.09,0.14,0.41200000000000003,294.6,0.0,12.71,2.693212929872165
2021-02-01 12:55:00,750.0,-0.048,82.7,89.2,0.067,0.289,108.2,0.0,12.8,4.018917046193519
2021-02-01 13:00:00,751.0,0.083,82.1,108.0,0.098,0.42100000000000004,296.0,0.0,12.91,3.575232147970673
2021-02-01 13:05:00,752.0,0.307,81.3,126.5,0.052000000000000005,0.20199999999999999,236.6,0.0,13.04,4.7077030697877875
2021-02-01 13:10:00,753.0,0.591,79.95,144.9,0.052000000000000005,0.237,128.4,0.0,13.18,4.970334314084277
2021-02-01 13:15:00,754.0,0.88,78.92,162.2,0.034,0.158,192.3,0.0,12.99,-998.0
2021-02-01 13:20:00,755.0,1.19,77.54,182.2,0.065,0.386,178.1,0.0,13.28,-998.0
2021-02-01 13:25:00,756.0,1.489,76.37,201.7,0.05,0.20199999999999999,213.6,0.0,13.45,-998.0
2021-02-01 13:30:00,757.0,1.7309999999999999,75.33,220.3,0.11599999999999999,0.35,205.4,0.0,13.55,4.905261132394319
2021-02-01 13:35:00,758.0,1.983,74.34,238.8,0.086,0.359,236.1,0.0,13.68,-998.0
2021-02-01 13:40:00,759.0,2.234,73.46,256.0,0.066,0.368,124.8,0.0,13.68,-998.0
2021-02-01 13:45:00,760.0,2.461,72.16,271.7,0.068,0.35,165.0,0.0,13.72,-998.0
2021-02-01 13:50:00,761.0,2.717,71.24,285.0,0.040999999999999995,0.324,128.8,0.0,13.76,-998.0
2021-02-01 13:55:00,762.0,2.9610000000000003,69.94,311.5,0.073,0.368,231.3,0.0,13.82,-998.0
2021-02-01 14:00:00,763.0,3.154,69.75,322.2,0.069,0.245,116.6,0.0,13.85,-998.0
2021-02-01 14:05:00,764.0,3.444,69.04,329.0,0.034,0.193,119.7,0.0,13.89,-998.0
2021-02-01 14:10:00,765.0,3.9130000000000003,67.23,349.9,0.025,0.237,112.7,0.0,13.96,-998.0
2021-02-01 14:15:00,766.0,4.078,66.45,362.7,0.075,0.28,134.6,0.0,13.99,-998.0
2021-02-01 14:20:00,767.0,4.334,65.59,373.2,0.054000000000000006,0.377,141.7,0.0,13.98,-998.0
2021-02-01 14:25:00,768.0,4.43,64.94,392.1,0.109,0.386,123.9,0.0,13.85,-998.0
2021-02-01 14:30:00,769.0,4.627,64.43,416.0,0.10099999999999999,0.368,117.1,0.0,13.85,-998.0
2021-02-01 14:35:00,770.0,4.761,63.6,430.3,0.151,0.35,138.9,0.0,13.79,-998.0
2021-02-01 14:40:00,771.0,4.9110000000000005,63.13,439.1,0.07,0.315,152.9,0.0,13.79,-998.0
2021-02-01 14:45:00,772.0,5.19,62.64,455.4,0.076,0.307,116.2,0.0,13.79,-998.0
2021-02-01 14:50:00,773.0,5.608,61.8,470.9,0.054000000000000006,0.184,126.3,0.0,13.79,-998.0
2021-02-01 14:55:00,774.0,5.751,60.69,484.3,0.158,0.359,96.7,0.0,13.75,-998.0
2021-02-01 15:00:00,775.0,5.938,60.44,495.4,0.091,0.272,97.4,0.0,13.76,-998.0
2021-02-01 15:05:00,776.0,6.193,59.09,515.9,0.115,0.429,98.2,0.0,13.76,-998.0
2021-02-01 15:10:00,777.0,6.465,58.62,526.6,0.067,0.491,106.6,0.0,13.76,-998.0
2021-02-01 15:15:00,778.0,6.68,57.52,544.3,0.085,0.228,107.9,0.0,13.76,-998.0
2021-02-01 15:20:00,779.0,6.822,57.01,557.6,0.17800000000000002,0.517,106.0,0.0,13.76,-998.0
2021-02-01 15:25:00,780.0,6.92,56.51,551.0,0.042,0.342,110.8,0.0,13.73,-998.0
2021-02-01 15:30:00,781.0,7.313,54.86,547.5,0.10800000000000001,0.42100000000000004,97.7,0.0,13.73,-998.0
2021-02-01 15:35:00,782.0,7.431,54.23,590.0,0.065,0.315,124.3,0.0,13.7,-998.0
2021-02-01 15:40:00,783.0,7.744,52.25,595.3,0.11699999999999999,0.39399999999999996,123.7,0.0,13.7,-998.0
2021-02-01 15:45:00,784.0,7.9270000000000005,51.11,613.0,0.099,0.41200000000000003,110.9,0.0,13.73,-998.0
2021-02-01 15:50:00,785.0,8.29,49.9,623.6,0.077,0.21,96.5,0.0,13.73,-998.0
2021-02-01 15:55:00,786.0,8.36,50.0,629.4,0.17300000000000001,0.815,110.0,0.0,13.68,-998.0
2021-02-01 16:00:00,787.0,8.53,49.58,636.0,0.125,0.359,101.8,0.0,13.67,-998.0
2021-02-01 16:05:00,788.0,8.66,48.32,643.9,0.15,0.508,130.2,0.0,13.67,-998.0
2021-02-01 16:10:00,789.0,8.74,48.33,649.5,0.11,0.35,96.5,0.0,13.65,-998.0
2021-02-01 16:15:00,790.0,-998.0,47.1,662.4,0.092,0.43799999999999994,118.8,0.0,13.73,-998.0
2021-02-01 16:20:00,791.0,9.14,47.01,671.6,0.129,0.40299999999999997,114.4,0.0,13.62,-998.0
2021-02-01 16:25:00,792.0,9.4,45.86,673.1,0.18,0.48200000000000004,102.1,0.0,13.62,-998.0
2021-02-01 16:30:00,793.0,9.36,45.78,679.6,0.079,0.315,81.7,0.0,13.65,-998.0
2021-02-01 16:35:00,794.0,9.61,45.24,684.2,0.073,0.429,116.6,0.0,13.65,-998.0
2021-02-01 16:40:00,795.0,10.02,43.29,686.4,0.10400000000000001,0.324,98.9,0.0,13.65,-998.0
2021-02-01 16:45:00,796.0,9.98,43.1,691.8,0.22899999999999998,0.5870000000000001,127.4,0.0,13.68,-998.0
2021-02-01 16:50:00,797.0,9.8,43.52,699.9,0.16399999999999998,0.359,119.3,0.0,13.68,-998.0
2021-02-01 16:55:00,798.0,9.96,43.13,707.2,0.18100000000000002,0.43799999999999994,93.8,0.0,13.68,-998.0
2021-02-01 17:00:00,799.0,10.05,43.47,708.0,0.095,0.386,105.5,0.0,13.68,-998.0
2021-02-01 17:05:00,800.0,10.29,43.22,686.3,0.17600000000000002,0.885,133.6,0.0,13.68,-998.0
2021-02-01 17:10:00,801.0,10.76,41.74,699.7,0.111,0.359,93.2,0.0,13.68,-998.0
2021-02-01 17:15:00,802.0,10.79,40.88,688.9,0.124,0.39399999999999996,118.0,0.0,13.71,-998.0
2021-02-01 17:20:00,803.0,10.8,41.25,719.1,0.195,0.552,104.3,0.0,13.68,-998.0
2021-02-01 17:25:00,804.0,10.76,41.29,720.7,0.146,0.499,89.8,0.0,13.68,-998.0
2021-02-01 17:30:00,805.0,10.75,40.79,717.3,0.10300000000000001,0.298,94.1,0.0,13.68,-998.0
2021-02-01 17:35:00,806.0,11.28,39.73,715.1,0.107,0.552,65.16,0.0,13.76,-998.0
2021-02-01 17:40:00,807.0,11.72,37.87,718.5,0.057,0.368,91.4,0.0,13.68,-998.0
2021-02-01 17:45:00,808.0,12.26,36.53,715.8,0.05,0.307,38.5,0.0,13.68,-998.0
2021-02-01 17:50:00,809.0,12.07,37.19,713.0,0.113,0.41200000000000003,84.0,0.0,13.65,-998.0
2021-02-01 17:55:00,810.0,12.19,36.79,714.9,0.063,0.429,49.92,0.0,13.65,-998.0
2021-02-01 18:00:00,811.0,12.06,35.97,710.1,0.198,0.605,110.4,0.0,13.65,-998.0
2021-02-01 18:05:00,812.0,11.7,36.9,706.9,0.124,0.307,108.6,0.0,13.63,-998.0
2021-02-01 18:10:00,813.0,12.23,36.1,690.8,0.08800000000000001,0.342,95.0,0.0,13.62,-998.0
2021-02-01 18:15:00,814.0,12.42,34.74,679.9,0.121,0.368,62.47,0.0,13.62,-998.0
2021-02-01 18:20:00,815.0,12.68,34.14,671.5,0.095,0.41200000000000003,26.27,0.0,13.62,-998.0
2021-02-01 18:25:00,816.0,12.59,33.72,679.2,0.149,0.473,134.3,0.0,13.6,-998.0
2021-02-01 18:30:00,817.0,12.24,34.36,668.9,0.151,0.578,124.2,0.0,13.6,-998.0
2021-02-01 18:35:00,818.0,12.64,32.19,-998.0,0.084,0.307,82.8,0.0,13.6,-998.0
2021-02-01 18:40:00,819.0,12.75,31.98,676.0,0.254,0.8759999999999999,93.6,0.0,13.6,-998.0
2021-02-01 18:45:00,820.0,12.81,31.62,628.5,0.07200000000000001,0.28,54.52,0.0,13.6,-998.0
2021-02-01 18:50:00,821.0,12.93,30.4,587.8,0.079,0.324,99.1,0.0,13.57,-998.0
2021-02-01 18:55:00,822.0,12.71,29.69,587.5,0.265,0.657,111.2,0.0,13.52,-998.0
2021-02-01 19:00:00,823.0,12.41,29.95,656.2,0.209,0.578,118.9,0.0,13.54,-998.0
2021-02-01 19:05:00,824.0,13.09,29.68,580.0,0.035,0.245,127.1,0.0,13.54,-998.0
2021-02-01 19:10:00,825.0,13.11,29.34,611.0,0.099,0.307,95.9,0.0,13.57,-998.0
2021-02-01 19:15:00,826.0,12.89,30.02,574.7,0.075,0.386,55.68,0.0,13.57,-998.0
2021-02-01 19:20:00,827.0,12.66,30.34,617.6,0.135,0.46399999999999997,99.3,0.0,13.57,-998.0
2021-02-01 19:25:00,828.0,12.46,30.31,605.4,0.14800000000000002,0.675,105.1,0.0,13.6,-998.0
2021-02-01 19:30:00,829.0,12.91,30.22,607.5,0.134,0.631,93.3,0.0,13.6,-998.0
2021-02-01 19:35:00,830.0,13.13,29.35,566.3,0.094,0.33299999999999996,109.8,0.0,13.6,-998.0
2021-02-01 19:40:00,831.0,13.68,28.57,459.0,0.099,0.342,81.8,0.0,13.6,-998.0
2021-02-01 19:45:00,832.0,13.53,28.39,491.6,0.10099999999999999,0.499,124.1,0.0,13.6,-998.0
2021-02-01 19:50:00,833.0,13.12,29.16,542.2,0.10800000000000001,0.447,112.5,0.0,13.6,-998.0
2021-02-01 19:55:00,834.0,13.33,29.14,514.3,0.075,0.386,133.1,0.0,13.57,-998.0
2021-02-01 20:00:00,835.0,13.99,27.82,515.0,0.092,0.508,103.8,0.0,13.57,-998.0
2021-02-01 20:05:00,836.0,14.01,26.84,474.3,0.092,0.48200000000000004,90.9,0.0,13.57,-998.0
2021-02-01 20:10:00,837.0,13.75,25.88,452.3,0.091,0.307,120.1,0.0,13.57,-998.0
2021-02-01 20:15:00,838.0,13.53,26.87,463.5,0.134,0.429,103.2,0.0,13.52,-998.0
2021-02-01 20:20:00,839.0,13.54,26.96,469.0,0.047,0.237,96.4,0.0,13.55,-998.0
2021-02-01 20:25:00,840.0,13.55,26.57,407.8,0.054000000000000006,0.254,86.3,0.0,13.54,-998.0
2021-02-01 20:30:00,841.0,13.41,27.2,414.7,0.063,0.324,128.2,0.0,13.37,-998.0
2021-02-01 20:35:00,842.0,13.55,26.67,407.3,-998.0,0.245,105.1,0.0,13.23,-998.0
2021-02-01 20:40:00,843.0,13.11,27.05,409.1,0.092,0.35,103.8,0.0,13.17,-998.0
2021-02-01 20:45:00,844.0,13.15,27.4,399.8,0.185,0.534,94.6,0.0,13.13,-998.0
2021-02-01 20:50:00,845.0,13.76,26.86,385.1,0.066,0.40299999999999997,354.4,0.0,13.1,-998.0
2021-02-01 20:55:00,846.0,13.98,26.24,324.5,0.06,0.473,185.5,0.0,13.09,-998.0
2021-02-01 21:00:00,847.0,13.94,26.3,298.4,0.045,0.20199999999999999,91.3,0.0,13.07,-998.0
2021-02-01 21:05:00,848.0,13.82,26.23,321.4,0.025,0.158,116.5,0.0,13.09,-998.0
2021-02-01 21:10:00,849.0,13.84,26.27,371.6,0.022000000000000002,0.175,140.2,0.0,13.08,-998.0
2021-02-01 21:15:00,850.0,13.85,26.37,326.3,0.068,0.324,102.4,0.0,13.04,-998.0
2021-02-01 21:20:00,851.0,13.47,27.12,105.0,0.146,0.359,92.9,0.0,13.03,-998.0
2021-02-01 21:25:00,852.0,13.13,27.65,74.97,0.153,0.359,88.7,0.0,13.02,-998.0
2021-02-01 21:30:00,853.0,13.07,27.8,67.47,0.099,0.41200000000000003,95.5,0.0,13.01,-998.0
2021-02-01 21:35:00,854.0,13.1,27.76,75.62,0.055,0.237,99.4,0.0,13.02,-998.0
2021-02-01 21:40:00,855.0,12.94,28.29,72.75,0.037000000000000005,0.20199999999999999,93.5,0.0,13.0,-998.0
2021-02-01 21:45:00,856.0,12.99,28.21,56.71,0.001,0.053,65.48,0.0,12.98,-998.0
2021-02-01 21:50:00,857.0,12.9,28.14,58.43,0.079,0.46399999999999997,116.5,0.0,12.98,-998.0
2021-02-01 21:55:00,858.0,12.64,28.64,58.95,0.207,0.6659999999999999,100.1,0.0,12.97,-998.0
2021-02-01 22:00:00,859.0,12.78,28.6,59.62,0.055,0.342,124.0,0.0,12.95,-998.0
2021-02-01 22:05:00,860.0,12.79,28.61,59.04,0.013000000000000001,0.14,93.6,0.0,12.97,-998.0
2021-02-01 22:10:00,861.0,12.75,28.67,56.74,0.006999999999999999,0.105,94.3,0.0,12.96,-998.0
2021-02-01 22:15:00,862.0,12.59,29.05,46.08,0.032,0.263,92.9,0.0,12.95,-998.0
2021-02-01 22:20:00,863.0,12.6,29.11,30.25,0.068,0.324,96.2,0.0,12.94,-998.0
2021-02-01 22:25:00,864.0,12.57,29.85,29.56,0.106,0.473,57.61,0.0,12.94,-998.0
2021-02-01 22:30:00,865.0,12.54,29.99,37.04,0.157,0.473,76.41,0.0,12.94,-998.0
2021-02-01 22:35:00,866.0,12.43,30.86,38.54,0.092,0.359,78.76,0.0,12.93,-998.0
2021-02-01 22:40:00,867.0,12.38,30.54,38.6,0.16899999999999998,0.473,77.85,0.0,12.93,-998.0
2021-02-01 22:45:00,868.0,12.38,30.84,34.19,0.026000000000000002,0.21899999999999997,66.52,0.0,12.93,-998.0
2021-02-01 22:50:00,869.0,12.37,31.34,26.6,0.122,0.298,86.8,0.0,12.92,-998.0
2021-02-01 22:55:00,870.0,12.24,31.34,16.81,0.094,0.35,81.5,0.0,12.88,-998.0
2021-02-01 23:00:00,871.0,12.09,31.6,9.69,0.166,0.41200000000000003,78.67,0.0,12.9,-998.0
2021-02-01 23:05:00,872.0,12.09,31.61,5.404,0.085,0.263,59.57,0.0,12.9,-998.0
2021-02-01 23:10:00,873.0,11.96,31.99,2.16,0.107,0.289,71.63,0.0,12.9,-998.0
2021-02-01 23:15:00,874.0,11.77,32.32,0.889,0.188,0.48200000000000004,89.9,0.0,12.89,-998.0
2021-02-01 23:20:00,875.0,17.78,33.0,0.213,0.18899999999999997,0.508,103.6,0.0,12.89,-998.0
2021-02-01 23:25:00,876.0,11.72,32.61,0.06,0.247,0.534,80.9,0.0,12.88,-998.0
2021-02-01 23:30:00,877.0,11.71,32.78,0.021,0.063,0.368,68.27,0.0,12.88,-998.0
2021-02-01 23:35:00,878.0,11.59,32.94,0.006,0.244,0.42100000000000004,84.7,0.0,12.88,-998.0
2021-02-01 23:40:00,879.0,11.38,33.88,0.005,0.063,0.193,153.8,0.0,12.88,-998.0
2021-02-01 23:45:00,880.0,11.08,33.56,0.002,0.22,0.631,182.4,0.0,12.87,-998.0
2021-02-01 23:50:00,881.0,10.93,32.83,0.003,0.38,0.622,185.5,0.0,12.87,-998.0
2021-02-01 23:55:00,882.0,10.94,32.82,0.002,0.158,0.447,191.2,0.0,12.87,-998.0
